Overall Accuracy: 46.461949265687586
Class 0 Accuracy: 2.4752475247524752
Class 1 Accuracy: 97.97101449275362
Predict	Actual	Probability
1	0	[0.0000  1.0000]
1	0	[0.0000  1.0000]
1	0	[0.0000  1.0000]
0	0	[0.7378  0.2622]
1	1	[0.0035  0.9965]
1	1	[0.0000  1.0000]
1	1	[0.0000  1.0000]
1	1	[0.0000  1.0000]
1	0	[0.0000  1.0000]
1	0	[0.0000  1.0000]
1	0	[0.0000  1.0000]
1	0	[0.0000  1.0000]
1	1	[0.0016  0.9984]
1	0	[0.0000  1.0000]
1	1	[0.0000  1.0000]
1	0	[0.0000  1.0000]
1	0	[0.0000  1.0000]
1	0	[0.0000  1.0000]
1	0	[0.0669  0.9331]
1	0	[0.0000  1.0000]
1	1	[0.0000  1.0000]
1	0	[0.0000  1.0000]
1	1	[0.0000  1.0000]
1	0	[0.0002  0.9998]
1	1	[0.0000  1.0000]
1	1	[0.0000  1.0000]
1	0	[0.0000  1.0000]
0	0	[1.0000  0.0000]
1	0	[0.0000  1.0000]
1	1	[0.0000  1.0000]
1	0	[0.0000  1.0000]
1	1	[0.0000  1.0000]
1	0	[0.0003  0.9997]
1	0	[0.0000  1.0000]
1	1	[0.0000  1.0000]
1	1	[0.0000  1.0000]
1	1	[0.0000  1.0000]
1	1	[0.0000  1.0000]
1	0	[0.0000  1.0000]
1	0	[0.0000  1.0000]
1	0	[0.0000  1.0000]
1	1	[0.0000  1.0000]
1	0	[0.0000  1.0000]
1	0	[0.0000  1.0000]
1	0	[0.0000  1.0000]
1	0	[0.0000  1.0000]
1	0	[0.0000  1.0000]
1	1	[0.0000  1.0000]
1	1	[0.0000  1.0000]
1	0	[0.0000  1.0000]
1	0	[0.0000  1.0000]
1	0	[0.0000  1.0000]
1	1	[0.0000  1.0000]
1	0	[0.0003  0.9997]
1	1	[0.0000  1.0000]
1	0	[0.0000  1.0000]
1	1	[0.0000  1.0000]
1	1	[0.0000  1.0000]
1	1	[0.0000  1.0000]
1	0	[0.0000  1.0000]
1	1	[0.0000  1.0000]
1	0	[0.0000  1.0000]
1	0	[0.0000  1.0000]
1	1	[0.0000  1.0000]
1	1	[0.0000  1.0000]
1	0	[0.0000  1.0000]
1	1	[0.0000  1.0000]
1	1	[0.0000  1.0000]
1	0	[0.0000  1.0000]
1	0	[0.2910  0.7090]
1	0	[0.0000  1.0000]
1	0	[0.0000  1.0000]
1	1	[0.0000  1.0000]
1	0	[0.0000  1.0000]
1	1	[0.0000  1.0000]
1	0	[0.0000  1.0000]
1	0	[0.0000  1.0000]
1	1	[0.0000  1.0000]
1	1	[0.0048  0.9952]
1	1	[0.0000  1.0000]
1	0	[0.0000  1.0000]
0	0	[1.0000  0.0000]
1	1	[0.0000  1.0000]
1	0	[0.0000  1.0000]
1	0	[0.0000  1.0000]
1	0	[0.0000  1.0000]
1	0	[0.0000  1.0000]
1	0	[0.0000  1.0000]
1	0	[0.0000  1.0000]
1	1	[0.0001  0.9999]
1	1	[0.0000  1.0000]
1	0	[0.0000  1.0000]
0	1	[1.0000  0.0000]
1	0	[0.0000  1.0000]
1	0	[0.0000  1.0000]
1	1	[0.0000  1.0000]
1	0	[0.0000  1.0000]
1	1	[0.0000  1.0000]
1	1	[0.0000  1.0000]
1	1	[0.0000  1.0000]
1	1	[0.0000  1.0000]
1	0	[0.0000  1.0000]
1	0	[0.0000  1.0000]
1	0	[0.0000  1.0000]
1	0	[0.0000  1.0000]
1	1	[0.0000  1.0000]
1	1	[0.0000  1.0000]
1	1	[0.0000  1.0000]
1	1	[0.0000  1.0000]
1	0	[0.0000  1.0000]
1	0	[0.0000  1.0000]
1	1	[0.0000  1.0000]
1	1	[0.0000  1.0000]
1	1	[0.0000  1.0000]
1	1	[0.0000  1.0000]
1	1	[0.0000  1.0000]
1	0	[0.0000  1.0000]
1	1	[0.0005  0.9995]
1	1	[0.0000  1.0000]
1	1	[0.0000  1.0000]
1	0	[0.0000  1.0000]
1	1	[0.0000  1.0000]
1	0	[0.0000  1.0000]
1	1	[0.0000  1.0000]
1	1	[0.0000  1.0000]
1	0	[0.0000  1.0000]
1	0	[0.0000  1.0000]
1	0	[0.0000  1.0000]
1	0	[0.0080  0.9920]
1	1	[0.0000  1.0000]
1	1	[0.0000  1.0000]
1	1	[0.0000  1.0000]
1	1	[0.0000  1.0000]
1	0	[0.0000  1.0000]
1	0	[0.0000  1.0000]
1	0	[0.0000  1.0000]
1	1	[0.0000  1.0000]
1	1	[0.0000  1.0000]
1	1	[0.0000  1.0000]
1	0	[0.0000  1.0000]
1	0	[0.0000  1.0000]
1	0	[0.0000  1.0000]
1	1	[0.0000  1.0000]
1	0	[0.0000  1.0000]
1	1	[0.0000  1.0000]
1	1	[0.0000  1.0000]
1	1	[0.0000  1.0000]
1	1	[0.0000  1.0000]
1	0	[0.0000  1.0000]
1	1	[0.0000  1.0000]
1	0	[0.0000  1.0000]
1	0	[0.0000  1.0000]
1	0	[0.0000  1.0000]
1	0	[0.0000  1.0000]
1	1	[0.0000  1.0000]
1	1	[0.0000  1.0000]
1	1	[0.0000  1.0000]
1	0	[0.0000  1.0000]
1	1	[0.0000  1.0000]
1	0	[0.0000  1.0000]
1	0	[0.0000  1.0000]
1	1	[0.0000  1.0000]
1	0	[0.0000  1.0000]
1	0	[0.0000  1.0000]
1	0	[0.0005  0.9995]
1	0	[0.0000  1.0000]
1	1	[0.0000  1.0000]
0	1	[0.9960  0.0040]
1	0	[0.0001  0.9999]
1	1	[0.0000  1.0000]
1	1	[0.0000  1.0000]
1	1	[0.0000  1.0000]
1	1	[0.0001  0.9999]
1	0	[0.0000  1.0000]
1	0	[0.0000  1.0000]
1	1	[0.0000  1.0000]
1	0	[0.0000  1.0000]
1	0	[0.0000  1.0000]
1	1	[0.0000  1.0000]
1	1	[0.0000  1.0000]
1	0	[0.0000  1.0000]
1	1	[0.0000  1.0000]
1	1	[0.0000  1.0000]
1	1	[0.0101  0.9899]
1	0	[0.0000  1.0000]
1	1	[0.0000  1.0000]
1	0	[0.0000  1.0000]
1	0	[0.0000  1.0000]
1	1	[0.0000  1.0000]
1	0	[0.0041  0.9959]
1	0	[0.0000  1.0000]
1	1	[0.0000  1.0000]
1	0	[0.0000  1.0000]
1	1	[0.0000  1.0000]
1	1	[0.0000  1.0000]
1	1	[0.0000  1.0000]
1	1	[0.0000  1.0000]
1	1	[0.0000  1.0000]
1	0	[0.0000  1.0000]
1	1	[0.0000  1.0000]
1	0	[0.0000  1.0000]
1	0	[0.0002  0.9998]
1	0	[0.0000  1.0000]
1	0	[0.0000  1.0000]
1	0	[0.0000  1.0000]
1	1	[0.0000  1.0000]
1	1	[0.0000  1.0000]
1	1	[0.0000  1.0000]
1	0	[0.0000  1.0000]
1	1	[0.0000  1.0000]
0	0	[1.0000  0.0000]
1	1	[0.0000  1.0000]
1	1	[0.0000  1.0000]
1	0	[0.0000  1.0000]
1	1	[0.0000  1.0000]
1	0	[0.0000  1.0000]
1	1	[0.0002  0.9998]
1	1	[0.0000  1.0000]
1	1	[0.0000  1.0000]
1	0	[0.0000  1.0000]
1	0	[0.0000  1.0000]
1	1	[0.0001  0.9999]
1	0	[0.0000  1.0000]
1	1	[0.0000  1.0000]
1	1	[0.0006  0.9994]
1	0	[0.0006  0.9994]
1	1	[0.0000  1.0000]
1	1	[0.0771  0.9229]
0	0	[1.0000  0.0000]
1	0	[0.0074  0.9926]
1	0	[0.0000  1.0000]
1	0	[0.0000  1.0000]
1	0	[0.0002  0.9998]
1	0	[0.0005  0.9995]
1	0	[0.0000  1.0000]
0	0	[1.0000  0.0000]
1	1	[0.0000  1.0000]
1	1	[0.0000  1.0000]
1	1	[0.0002  0.9998]
1	0	[0.0000  1.0000]
1	1	[0.0000  1.0000]
1	0	[0.0000  1.0000]
1	1	[0.0066  0.9934]
1	0	[0.0000  1.0000]
1	1	[0.0000  1.0000]
1	1	[0.0000  1.0000]
1	0	[0.0034  0.9966]
1	1	[0.0000  1.0000]
1	1	[0.0000  1.0000]
1	1	[0.0000  1.0000]
1	1	[0.0001  0.9999]
1	0	[0.0000  1.0000]
1	0	[0.0000  1.0000]
1	1	[0.0000  1.0000]
0	0	[0.7189  0.2811]
1	0	[0.0000  1.0000]
1	0	[0.0004  0.9996]
1	0	[0.0007  0.9993]
1	1	[0.0000  1.0000]
1	0	[0.0000  1.0000]
1	1	[0.0000  1.0000]
1	1	[0.0000  1.0000]
1	1	[0.0000  1.0000]
1	0	[0.0000  1.0000]
1	1	[0.0000  1.0000]
1	1	[0.0000  1.0000]
1	0	[0.0001  0.9999]
1	1	[0.0000  1.0000]
0	0	[1.0000  0.0000]
1	1	[0.0000  1.0000]
1	1	[0.0000  1.0000]
1	0	[0.0000  1.0000]
1	1	[0.0000  1.0000]
1	0	[0.0000  1.0000]
1	1	[0.0000  1.0000]
1	1	[0.0000  1.0000]
1	0	[0.0000  1.0000]
1	0	[0.0000  1.0000]
1	1	[0.0000  1.0000]
1	0	[0.0000  1.0000]
1	0	[0.0001  0.9999]
1	1	[0.0000  1.0000]
1	1	[0.0000  1.0000]
1	1	[0.0000  1.0000]
1	1	[0.0000  1.0000]
1	1	[0.0000  1.0000]
1	0	[0.0000  1.0000]
1	1	[0.0000  1.0000]
1	1	[0.0000  1.0000]
1	0	[0.1726  0.8274]
1	0	[0.0000  1.0000]
1	0	[0.0000  1.0000]
1	1	[0.0001  0.9999]
1	1	[0.0000  1.0000]
1	0	[0.0000  1.0000]
1	1	[0.0000  1.0000]
1	1	[0.0000  1.0000]
0	0	[1.0000  0.0000]
1	1	[0.0049  0.9951]
1	0	[0.0000  1.0000]
1	1	[0.0000  1.0000]
1	1	[0.0000  1.0000]
1	0	[0.0012  0.9988]
1	1	[0.0000  1.0000]
1	0	[0.0000  1.0000]
1	1	[0.0000  1.0000]
1	0	[0.0000  1.0000]
1	0	[0.0002  0.9998]
1	0	[0.0000  1.0000]
1	0	[0.0000  1.0000]
1	1	[0.0000  1.0000]
1	1	[0.0000  1.0000]
1	0	[0.0533  0.9467]
1	0	[0.0000  1.0000]
1	1	[0.0000  1.0000]
1	1	[0.0000  1.0000]
1	0	[0.0000  1.0000]
1	0	[0.0000  1.0000]
1	1	[0.0002  0.9998]
1	1	[0.0000  1.0000]
1	1	[0.0000  1.0000]
1	0	[0.0000  1.0000]
1	0	[0.0000  1.0000]
1	0	[0.0000  1.0000]
1	0	[0.0000  1.0000]
1	0	[0.0000  1.0000]
1	1	[0.0001  0.9999]
1	1	[0.0000  1.0000]
1	0	[0.0000  1.0000]
1	1	[0.0000  1.0000]
1	1	[0.0000  1.0000]
1	1	[0.0000  1.0000]
1	1	[0.0000  1.0000]
1	0	[0.0000  1.0000]
1	0	[0.0000  1.0000]
1	1	[0.0000  1.0000]
1	0	[0.0001  0.9999]
1	0	[0.0001  0.9999]
1	0	[0.0000  1.0000]
1	1	[0.0000  1.0000]
1	0	[0.0000  1.0000]
1	1	[0.0001  0.9999]
1	0	[0.0000  1.0000]
1	1	[0.0000  1.0000]
1	0	[0.0000  1.0000]
1	1	[0.0000  1.0000]
1	1	[0.0000  1.0000]
1	1	[0.0000  1.0000]
1	0	[0.0000  1.0000]
1	1	[0.0000  1.0000]
1	1	[0.0000  1.0000]
1	1	[0.0000  1.0000]
1	0	[0.0000  1.0000]
1	1	[0.0000  1.0000]
1	0	[0.0000  1.0000]
1	0	[0.0003  0.9997]
1	1	[0.0000  1.0000]
1	0	[0.0000  1.0000]
1	1	[0.0000  1.0000]
1	0	[0.0000  1.0000]
1	0	[0.0000  1.0000]
1	0	[0.0000  1.0000]
1	0	[0.0000  1.0000]
1	0	[0.0000  1.0000]
1	1	[0.0000  1.0000]
1	0	[0.0000  1.0000]
1	0	[0.0005  0.9995]
1	0	[0.0000  1.0000]
1	1	[0.0000  1.0000]
1	1	[0.0000  1.0000]
1	1	[0.0000  1.0000]
1	1	[0.0000  1.0000]
1	0	[0.0000  1.0000]
1	0	[0.0000  1.0000]
1	1	[0.0000  1.0000]
1	0	[0.0000  1.0000]
1	0	[0.0000  1.0000]
1	1	[0.0000  1.0000]
1	0	[0.0000  1.0000]
0	0	[0.6469  0.3531]
1	0	[0.0000  1.0000]
0	0	[1.0000  0.0000]
1	1	[0.0000  1.0000]
1	0	[0.0000  1.0000]
1	0	[0.0000  1.0000]
1	0	[0.0001  0.9999]
0	0	[1.0000  0.0000]
1	1	[0.0000  1.0000]
1	1	[0.0000  1.0000]
1	0	[0.0000  1.0000]
1	1	[0.0000  1.0000]
1	1	[0.0000  1.0000]
1	0	[0.0000  1.0000]
1	0	[0.0001  0.9999]
1	1	[0.0000  1.0000]
1	1	[0.0000  1.0000]
1	1	[0.0000  1.0000]
1	0	[0.0000  1.0000]
1	0	[0.0000  1.0000]
1	1	[0.0001  0.9999]
1	1	[0.0000  1.0000]
1	1	[0.0000  1.0000]
1	1	[0.0000  1.0000]
1	0	[0.0000  1.0000]
1	1	[0.0000  1.0000]
1	0	[0.4553  0.5447]
1	1	[0.0000  1.0000]
1	0	[0.0000  1.0000]
1	0	[0.0000  1.0000]
1	1	[0.0000  1.0000]
1	0	[0.0005  0.9995]
1	1	[0.0000  1.0000]
1	0	[0.0000  1.0000]
1	0	[0.0000  1.0000]
1	0	[0.0000  1.0000]
1	0	[0.0000  1.0000]
1	0	[0.0001  0.9999]
1	1	[0.0000  1.0000]
1	0	[0.0000  1.0000]
1	0	[0.0000  1.0000]
1	1	[0.0000  1.0000]
1	0	[0.0000  1.0000]
1	0	[0.0001  0.9999]
1	0	[0.0000  1.0000]
1	0	[0.0000  1.0000]
1	1	[0.0000  1.0000]
1	1	[0.0000  1.0000]
1	0	[0.0000  1.0000]
1	0	[0.0000  1.0000]
1	1	[0.0000  1.0000]
1	1	[0.0000  1.0000]
1	1	[0.0005  0.9995]
1	0	[0.0000  1.0000]
1	0	[0.0000  1.0000]
1	0	[0.0000  1.0000]
1	1	[0.0000  1.0000]
1	1	[0.0000  1.0000]
1	0	[0.0000  1.0000]
1	0	[0.0000  1.0000]
1	1	[0.0000  1.0000]
1	1	[0.0000  1.0000]
1	0	[0.0000  1.0000]
1	0	[0.0000  1.0000]
1	0	[0.0000  1.0000]
1	1	[0.0000  1.0000]
1	1	[0.0000  1.0000]
1	1	[0.0000  1.0000]
1	0	[0.0000  1.0000]
0	0	[0.9959  0.0041]
1	0	[0.0003  0.9997]
1	1	[0.0000  1.0000]
1	0	[0.0000  1.0000]
1	0	[0.0023  0.9977]
1	0	[0.0000  1.0000]
1	1	[0.0000  1.0000]
1	0	[0.0000  1.0000]
1	0	[0.0000  1.0000]
1	1	[0.0000  1.0000]
1	0	[0.0000  1.0000]
1	0	[0.0000  1.0000]
1	0	[0.0000  1.0000]
1	1	[0.0000  1.0000]
1	1	[0.0002  0.9998]
1	1	[0.0000  1.0000]
1	0	[0.0000  1.0000]
1	1	[0.0000  1.0000]
1	0	[0.0000  1.0000]
1	1	[0.0000  1.0000]
1	1	[0.0001  0.9999]
1	0	[0.0000  1.0000]
1	1	[0.0000  1.0000]
1	1	[0.0000  1.0000]
1	1	[0.0000  1.0000]
1	0	[0.0000  1.0000]
1	1	[0.0000  1.0000]
1	0	[0.0000  1.0000]
1	1	[0.0000  1.0000]
1	1	[0.0000  1.0000]
1	0	[0.0000  1.0000]
1	1	[0.0000  1.0000]
1	1	[0.0000  1.0000]
1	1	[0.0000  1.0000]
1	0	[0.0000  1.0000]
1	1	[0.0001  0.9999]
1	1	[0.0000  1.0000]
1	1	[0.0007  0.9993]
1	0	[0.0000  1.0000]
1	1	[0.0000  1.0000]
1	0	[0.0000  1.0000]
1	0	[0.0000  1.0000]
1	1	[0.0000  1.0000]
1	1	[0.0000  1.0000]
1	0	[0.0000  1.0000]
1	1	[0.0150  0.9850]
1	1	[0.0000  1.0000]
1	0	[0.0000  1.0000]
1	0	[0.0000  1.0000]
1	1	[0.0000  1.0000]
1	1	[0.0000  1.0000]
1	0	[0.0000  1.0000]
1	0	[0.0000  1.0000]
1	0	[0.0005  0.9995]
1	0	[0.0000  1.0000]
1	1	[0.0017  0.9983]
1	1	[0.0000  1.0000]
1	1	[0.0000  1.0000]
1	0	[0.0000  1.0000]
1	1	[0.0000  1.0000]
1	0	[0.0000  1.0000]
1	0	[0.0000  1.0000]
1	0	[0.0000  1.0000]
1	1	[0.0000  1.0000]
1	1	[0.0000  1.0000]
1	1	[0.0000  1.0000]
1	0	[0.0000  1.0000]
1	0	[0.0000  1.0000]
1	0	[0.0000  1.0000]
1	0	[0.0000  1.0000]
1	0	[0.0000  1.0000]
1	0	[0.0000  1.0000]
1	0	[0.0000  1.0000]
1	0	[0.0000  1.0000]
1	1	[0.0000  1.0000]
1	0	[0.0000  1.0000]
1	1	[0.0000  1.0000]
0	1	[1.0000  0.0000]
1	0	[0.0000  1.0000]
1	1	[0.0000  1.0000]
1	1	[0.0000  1.0000]
1	0	[0.0000  1.0000]
1	0	[0.0000  1.0000]
1	1	[0.0000  1.0000]
1	0	[0.0000  1.0000]
0	1	[1.0000  0.0000]
1	1	[0.0000  1.0000]
1	0	[0.0000  1.0000]
1	1	[0.0000  1.0000]
1	1	[0.0000  1.0000]
1	1	[0.0672  0.9328]
1	0	[0.0000  1.0000]
1	0	[0.0000  1.0000]
1	0	[0.0000  1.0000]
1	1	[0.0000  1.0000]
1	0	[0.0000  1.0000]
1	1	[0.0000  1.0000]
1	1	[0.0000  1.0000]
1	1	[0.0000  1.0000]
1	1	[0.0000  1.0000]
1	0	[0.0001  0.9999]
1	0	[0.0000  1.0000]
1	0	[0.0000  1.0000]
1	1	[0.0000  1.0000]
1	1	[0.0000  1.0000]
1	0	[0.0000  1.0000]
1	1	[0.0000  1.0000]
1	1	[0.0000  1.0000]
1	0	[0.0000  1.0000]
1	0	[0.0000  1.0000]
1	1	[0.0000  1.0000]
1	0	[0.0000  1.0000]
1	0	[0.0000  1.0000]
1	0	[0.0000  1.0000]
1	0	[0.0001  0.9999]
1	1	[0.0000  1.0000]
1	1	[0.0000  1.0000]
1	1	[0.0000  1.0000]
1	1	[0.0000  1.0000]
1	1	[0.0066  0.9934]
1	1	[0.0000  1.0000]
1	0	[0.0000  1.0000]
1	0	[0.0000  1.0000]
1	0	[0.0000  1.0000]
1	0	[0.0000  1.0000]
1	1	[0.0000  1.0000]
1	1	[0.0000  1.0000]
1	1	[0.0000  1.0000]
1	0	[0.0000  1.0000]
1	0	[0.0000  1.0000]
1	1	[0.0000  1.0000]
1	0	[0.0029  0.9971]
1	0	[0.0000  1.0000]
1	1	[0.0000  1.0000]
1	0	[0.0000  1.0000]
1	0	[0.0000  1.0000]
1	0	[0.0000  1.0000]
1	0	[0.0000  1.0000]
1	0	[0.0000  1.0000]
1	0	[0.0109  0.9891]
0	0	[1.0000  0.0000]
1	1	[0.0001  0.9999]
1	0	[0.0000  1.0000]
1	0	[0.0000  1.0000]
1	0	[0.0000  1.0000]
1	0	[0.0000  1.0000]
1	0	[0.0000  1.0000]
1	1	[0.0027  0.9973]
1	0	[0.0000  1.0000]
1	1	[0.0000  1.0000]
1	0	[0.0000  1.0000]
1	1	[0.0000  1.0000]
1	1	[0.0000  1.0000]
1	0	[0.0000  1.0000]
1	0	[0.0000  1.0000]
1	0	[0.0000  1.0000]
1	1	[0.0000  1.0000]
1	1	[0.0000  1.0000]
1	1	[0.0000  1.0000]
1	0	[0.0000  1.0000]
1	1	[0.0000  1.0000]
1	1	[0.0000  1.0000]
1	0	[0.0000  1.0000]
1	0	[0.0001  0.9999]
1	1	[0.0000  1.0000]
1	0	[0.0000  1.0000]
1	0	[0.0000  1.0000]
1	1	[0.0000  1.0000]
1	0	[0.0057  0.9943]
1	0	[0.0000  1.0000]
1	1	[0.0000  1.0000]
1	1	[0.0000  1.0000]
1	0	[0.0000  1.0000]
1	1	[0.0000  1.0000]
1	0	[0.0000  1.0000]
1	1	[0.0001  0.9999]
1	1	[0.0000  1.0000]
1	0	[0.0000  1.0000]
1	0	[0.0000  1.0000]
1	0	[0.0000  1.0000]
1	0	[0.0000  1.0000]
1	1	[0.0000  1.0000]
1	1	[0.0000  1.0000]
1	1	[0.0000  1.0000]
1	0	[0.0000  1.0000]
1	0	[0.0000  1.0000]
1	0	[0.0000  1.0000]
1	1	[0.0000  1.0000]
1	0	[0.0000  1.0000]
1	0	[0.0000  1.0000]
1	1	[0.0000  1.0000]
1	0	[0.0000  1.0000]
1	0	[0.0000  1.0000]
1	1	[0.0000  1.0000]
1	0	[0.0124  0.9876]
1	1	[0.0000  1.0000]
1	0	[0.0006  0.9994]
1	1	[0.0000  1.0000]
1	0	[0.0000  1.0000]
1	1	[0.0000  1.0000]
1	1	[0.0001  0.9999]
0	1	[0.9988  0.0012]
1	1	[0.0000  1.0000]
0	0	[0.9783  0.0217]
1	0	[0.0000  1.0000]
1	0	[0.0000  1.0000]
1	0	[0.0000  1.0000]
1	0	[0.0000  1.0000]
1	0	[0.0007  0.9993]
1	0	[0.0000  1.0000]
1	0	[0.0000  1.0000]
1	1	[0.0000  1.0000]
1	0	[0.0000  1.0000]
1	0	[0.0000  1.0000]
1	0	[0.0000  1.0000]
1	0	[0.0000  1.0000]
1	1	[0.0000  1.0000]
1	0	[0.0182  0.9818]
1	0	[0.0005  0.9995]
1	1	[0.0000  1.0000]
1	1	[0.0000  1.0000]
1	0	[0.0000  1.0000]
1	1	[0.0000  1.0000]
1	1	[0.0000  1.0000]
0	0	[1.0000  0.0000]
1	1	[0.0000  1.0000]
1	0	[0.0043  0.9957]
1	0	[0.0192  0.9808]
1	1	[0.0000  1.0000]
1	0	[0.0000  1.0000]
1	1	[0.0000  1.0000]
1	0	[0.0000  1.0000]
1	1	[0.0003  0.9997]
1	0	[0.0000  1.0000]
1	1	[0.3161  0.6839]
0	1	[1.0000  0.0000]
1	1	[0.0000  1.0000]
1	1	[0.0000  1.0000]
1	0	[0.0103  0.9897]
1	0	[0.0000  1.0000]
1	0	[0.0000  1.0000]
1	0	[0.0000  1.0000]
1	1	[0.0000  1.0000]
1	1	[0.0000  1.0000]
1	1	[0.0000  1.0000]
1	1	[0.0000  1.0000]
1	0	[0.0000  1.0000]
1	1	[0.0000  1.0000]
1	0	[0.0000  1.0000]
1	1	[0.0001  0.9999]
1	0	[0.0000  1.0000]
1	1	[0.0000  1.0000]
1	1	[0.0001  0.9999]
1	1	[0.0000  1.0000]
1	0	[0.0000  1.0000]
1	1	[0.0000  1.0000]
1	1	[0.0000  1.0000]
1	1	[0.0000  1.0000]
1	1	[0.0000  1.0000]
1	1	[0.0000  1.0000]
1	1	[0.0000  1.0000]
1	0	[0.0000  1.0000]
1	0	[0.0000  1.0000]
1	0	[0.0000  1.0000]
1	1	[0.0000  1.0000]
1	0	[0.0000  1.0000]
1	1	[0.0002  0.9998]
1	1	[0.0000  1.0000]
1	0	[0.0000  1.0000]
1	1	[0.0000  1.0000]
1	1	[0.0001  0.9999]
1	0	[0.0000  1.0000]
1	0	[0.0000  1.0000]
1	0	[0.0000  1.0000]
1	1	[0.0000  1.0000]
1	1	[0.0000  1.0000]
1	0	[0.0000  1.0000]
1	0	[0.0000  1.0000]
1	1	[0.0001  0.9999]
1	1	[0.0000  1.0000]
1	0	[0.0000  1.0000]
1	1	[0.0000  1.0000]
1	1	[0.0000  1.0000]
1	0	[0.0000  1.0000]
1	0	[0.0000  1.0000]
1	0	[0.0000  1.0000]
1	0	[0.0000  1.0000]
1	1	[0.0000  1.0000]
1	0	[0.0000  1.0000]
1	0	[0.0000  1.0000]
1	0	[0.0000  1.0000]
1	0	[0.0000  1.0000]
1	1	[0.0000  1.0000]
1	0	[0.0000  1.0000]
1	0	[0.0000  1.0000]
1	0	[0.0000  1.0000]
1	0	[0.0000  1.0000]
1	0	[0.0000  1.0000]
1	1	[0.0000  1.0000]
1	1	[0.0000  1.0000]
1	0	[0.0000  1.0000]
1	1	[0.0000  1.0000]
1	1	[0.0000  1.0000]
1	0	[0.0000  1.0000]
1	0	[0.0000  1.0000]
1	1	[0.0003  0.9997]
1	0	[0.0000  1.0000]
1	0	[0.0000  1.0000]
1	0	[0.0000  1.0000]
1	0	[0.0000  1.0000]
1	0	[0.0000  1.0000]
1	1	[0.0000  1.0000]
1	0	[0.0002  0.9998]
1	1	[0.0000  1.0000]
1	1	[0.0000  1.0000]
1	1	[0.0000  1.0000]
1	0	[0.0000  1.0000]
1	0	[0.0000  1.0000]
1	0	[0.0000  1.0000]
1	1	[0.0000  1.0000]
1	0	[0.0001  0.9999]
1	1	[0.0000  1.0000]
1	0	[0.0152  0.9848]
1	0	[0.0000  1.0000]
1	1	[0.0000  1.0000]
1	0	[0.0030  0.9970]
1	1	[0.0000  1.0000]
1	0	[0.0000  1.0000]
1	1	[0.0000  1.0000]
1	1	[0.0000  1.0000]
1	0	[0.0000  1.0000]
1	0	[0.0000  1.0000]
1	0	[0.0000  1.0000]
1	0	[0.0000  1.0000]
1	1	[0.0000  1.0000]
1	1	[0.0000  1.0000]
1	0	[0.0000  1.0000]
1	1	[0.0000  1.0000]
1	0	[0.0000  1.0000]
1	0	[0.0000  1.0000]
1	0	[0.0019  0.9981]
1	0	[0.0000  1.0000]
1	1	[0.0000  1.0000]
1	0	[0.0000  1.0000]
1	1	[0.0000  1.0000]
1	0	[0.0000  1.0000]
1	1	[0.0000  1.0000]
1	0	[0.0000  1.0000]
1	1	[0.0001  0.9999]
1	1	[0.0000  1.0000]
1	1	[0.0000  1.0000]
1	1	[0.0000  1.0000]
1	1	[0.0000  1.0000]
1	0	[0.0000  1.0000]
1	0	[0.0000  1.0000]
1	1	[0.0001  0.9999]
1	1	[0.0000  1.0000]
1	0	[0.0000  1.0000]
1	1	[0.0000  1.0000]
1	1	[0.0000  1.0000]
1	0	[0.0010  0.9990]
1	1	[0.0000  1.0000]
1	1	[0.0000  1.0000]
1	0	[0.0000  1.0000]
1	0	[0.0000  1.0000]
1	1	[0.0000  1.0000]
1	0	[0.0000  1.0000]
1	0	[0.0000  1.0000]
1	0	[0.0000  1.0000]
1	0	[0.0000  1.0000]
1	0	[0.0000  1.0000]
1	1	[0.0000  1.0000]
1	1	[0.0000  1.0000]
1	1	[0.0000  1.0000]
1	0	[0.0000  1.0000]
1	0	[0.0000  1.0000]
1	0	[0.0000  1.0000]
1	1	[0.0000  1.0000]
1	1	[0.0000  1.0000]
1	0	[0.0000  1.0000]
1	1	[0.0000  1.0000]
1	0	[0.0000  1.0000]
1	0	[0.0000  1.0000]
1	0	[0.0000  1.0000]
0	1	[0.9666  0.0334]
1	1	[0.0000  1.0000]
1	0	[0.0000  1.0000]
1	0	[0.0000  1.0000]
1	1	[0.0000  1.0000]
1	0	[0.0000  1.0000]
1	0	[0.0000  1.0000]
1	1	[0.0000  1.0000]
1	0	[0.0000  1.0000]
1	1	[0.0000  1.0000]
1	0	[0.0000  1.0000]
1	0	[0.0000  1.0000]
1	0	[0.0000  1.0000]
1	1	[0.0000  1.0000]
1	1	[0.0000  1.0000]
1	1	[0.0000  1.0000]
1	0	[0.0000  1.0000]
1	1	[0.0000  1.0000]
1	1	[0.0000  1.0000]
1	0	[0.0000  1.0000]
1	0	[0.0000  1.0000]
1	0	[0.0000  1.0000]
1	1	[0.0000  1.0000]
1	1	[0.0000  1.0000]
1	1	[0.0000  1.0000]
1	0	[0.0000  1.0000]
1	0	[0.0000  1.0000]
0	1	[1.0000  0.0000]
1	0	[0.0000  1.0000]
1	0	[0.0000  1.0000]
1	0	[0.0000  1.0000]
1	1	[0.0000  1.0000]
1	0	[0.0000  1.0000]
1	1	[0.0000  1.0000]
1	0	[0.0000  1.0000]
1	0	[0.0087  0.9913]
1	0	[0.0000  1.0000]
1	1	[0.0000  1.0000]
1	0	[0.0000  1.0000]
1	1	[0.0000  1.0000]
1	0	[0.0000  1.0000]
1	1	[0.0000  1.0000]
1	1	[0.0000  1.0000]
1	0	[0.0000  1.0000]
1	0	[0.0000  1.0000]
1	1	[0.0000  1.0000]
1	1	[0.0000  1.0000]
1	0	[0.0000  1.0000]
1	0	[0.0000  1.0000]
1	1	[0.0000  1.0000]
1	1	[0.0000  1.0000]
1	1	[0.0000  1.0000]
1	0	[0.0000  1.0000]
1	0	[0.0000  1.0000]
1	0	[0.0000  1.0000]
1	1	[0.0000  1.0000]
1	0	[0.0000  1.0000]
1	1	[0.0000  1.0000]
0	1	[1.0000  0.0000]
1	0	[0.0000  1.0000]
1	1	[0.0460  0.9540]
1	0	[0.0001  0.9999]
1	0	[0.0000  1.0000]
1	1	[0.0014  0.9986]
1	1	[0.0000  1.0000]
1	1	[0.0000  1.0000]
1	1	[0.0000  1.0000]
1	0	[0.0000  1.0000]
1	1	[0.0000  1.0000]
1	0	[0.0000  1.0000]
1	1	[0.0000  1.0000]
1	1	[0.0000  1.0000]
1	0	[0.0000  1.0000]
1	0	[0.0000  1.0000]
1	0	[0.0000  1.0000]
1	1	[0.0000  1.0000]
1	0	[0.0000  1.0000]
1	0	[0.0000  1.0000]
1	1	[0.0000  1.0000]
1	0	[0.0385  0.9615]
1	0	[0.0000  1.0000]
1	0	[0.0000  1.0000]
1	0	[0.0000  1.0000]
1	0	[0.0000  1.0000]
1	1	[0.0000  1.0000]
1	0	[0.0000  1.0000]
1	0	[0.0000  1.0000]
1	0	[0.0000  1.0000]
1	1	[0.0000  1.0000]
1	1	[0.0000  1.0000]
1	1	[0.0000  1.0000]
1	1	[0.0000  1.0000]
1	0	[0.0000  1.0000]
1	0	[0.0000  1.0000]
1	1	[0.0001  0.9999]
1	1	[0.0000  1.0000]
1	1	[0.0001  0.9999]
1	1	[0.0017  0.9983]
1	1	[0.0000  1.0000]
1	1	[0.0000  1.0000]
1	0	[0.0000  1.0000]
1	0	[0.0000  1.0000]
1	1	[0.0000  1.0000]
1	1	[0.0000  1.0000]
1	0	[0.0000  1.0000]
1	1	[0.0000  1.0000]
1	0	[0.0000  1.0000]
1	1	[0.0000  1.0000]
1	0	[0.0000  1.0000]
1	0	[0.0000  1.0000]
1	0	[0.0000  1.0000]
1	1	[0.0000  1.0000]
1	1	[0.0000  1.0000]
1	1	[0.0000  1.0000]
1	0	[0.0000  1.0000]
1	1	[0.0001  0.9999]
1	0	[0.0000  1.0000]
1	0	[0.0000  1.0000]
1	0	[0.0000  1.0000]
1	1	[0.0002  0.9998]
1	0	[0.0000  1.0000]
1	1	[0.0000  1.0000]
1	1	[0.0000  1.0000]
1	1	[0.0000  1.0000]
1	0	[0.0000  1.0000]
1	0	[0.0000  1.0000]
1	0	[0.0000  1.0000]
1	0	[0.0000  1.0000]
1	1	[0.0000  1.0000]
1	1	[0.0000  1.0000]
1	1	[0.0000  1.0000]
1	0	[0.0000  1.0000]
1	0	[0.0000  1.0000]
1	0	[0.0000  1.0000]
1	1	[0.0000  1.0000]
1	1	[0.0000  1.0000]
1	1	[0.0000  1.0000]
1	1	[0.0000  1.0000]
1	0	[0.4831  0.5169]
1	1	[0.0000  1.0000]
1	0	[0.0060  0.9940]
1	1	[0.0000  1.0000]
1	1	[0.0000  1.0000]
1	0	[0.0000  1.0000]
1	1	[0.0000  1.0000]
1	0	[0.0003  0.9997]
1	0	[0.0000  1.0000]
1	1	[0.0000  1.0000]
1	0	[0.0000  1.0000]
1	1	[0.0000  1.0000]
1	0	[0.0000  1.0000]
1	0	[0.0001  0.9999]
1	0	[0.0000  1.0000]
1	0	[0.0000  1.0000]
1	1	[0.0000  1.0000]
1	0	[0.0000  1.0000]
1	1	[0.0000  1.0000]
1	1	[0.0000  1.0000]
1	0	[0.0000  1.0000]
1	0	[0.0000  1.0000]
1	0	[0.0003  0.9997]
1	0	[0.0000  1.0000]
1	0	[0.0000  1.0000]
1	1	[0.0000  1.0000]
1	1	[0.0015  0.9985]
1	1	[0.0000  1.0000]
1	1	[0.0000  1.0000]
1	1	[0.0000  1.0000]
1	0	[0.0000  1.0000]
1	1	[0.0000  1.0000]
1	0	[0.0000  1.0000]
1	0	[0.0001  0.9999]
1	0	[0.0000  1.0000]
1	1	[0.0000  1.0000]
1	0	[0.0001  0.9999]
1	1	[0.0000  1.0000]
1	1	[0.0000  1.0000]
1	0	[0.0000  1.0000]
1	0	[0.0000  1.0000]
1	0	[0.0000  1.0000]
1	1	[0.0000  1.0000]
1	0	[0.0000  1.0000]
1	1	[0.0000  1.0000]
1	1	[0.0000  1.0000]
1	1	[0.0001  0.9999]
1	1	[0.0000  1.0000]
1	0	[0.0000  1.0000]
1	1	[0.0000  1.0000]
1	1	[0.0000  1.0000]
1	0	[0.0000  1.0000]
1	0	[0.0000  1.0000]
1	0	[0.0000  1.0000]
1	0	[0.0000  1.0000]
1	1	[0.0000  1.0000]
1	1	[0.0000  1.0000]
1	0	[0.0000  1.0000]
1	0	[0.0000  1.0000]
1	1	[0.0000  1.0000]
1	0	[0.0000  1.0000]
1	0	[0.0000  1.0000]
1	0	[0.0001  0.9999]
0	1	[1.0000  0.0000]
1	1	[0.0000  1.0000]
1	0	[0.0000  1.0000]
1	0	[0.0000  1.0000]
1	0	[0.0000  1.0000]
1	0	[0.0000  1.0000]
1	1	[0.0000  1.0000]
1	1	[0.0000  1.0000]
1	1	[0.0000  1.0000]
1	1	[0.0000  1.0000]
1	0	[0.0605  0.9395]
1	0	[0.0001  0.9999]
1	1	[0.0000  1.0000]
1	0	[0.0000  1.0000]
1	0	[0.0000  1.0000]
1	0	[0.0000  1.0000]
1	0	[0.0005  0.9995]
1	1	[0.0000  1.0000]
1	1	[0.0000  1.0000]
1	1	[0.0000  1.0000]
1	1	[0.0000  1.0000]
1	0	[0.0000  1.0000]
1	0	[0.0000  1.0000]
1	1	[0.0000  1.0000]
1	0	[0.0000  1.0000]
1	1	[0.0000  1.0000]
1	1	[0.0000  1.0000]
1	0	[0.0000  1.0000]
1	0	[0.0000  1.0000]
1	1	[0.0000  1.0000]
1	0	[0.0000  1.0000]
1	0	[0.0000  1.0000]
1	0	[0.0000  1.0000]
1	0	[0.0000  1.0000]
1	0	[0.0001  0.9999]
1	1	[0.0034  0.9966]
1	1	[0.0000  1.0000]
1	1	[0.0000  1.0000]
1	0	[0.0000  1.0000]
1	1	[0.0000  1.0000]
1	1	[0.0000  1.0000]
1	1	[0.0000  1.0000]
1	0	[0.0064  0.9936]
1	1	[0.0000  1.0000]
1	1	[0.0000  1.0000]
1	1	[0.0000  1.0000]
1	1	[0.0000  1.0000]
1	0	[0.0000  1.0000]
1	1	[0.0000  1.0000]
1	1	[0.0000  1.0000]
1	0	[0.0000  1.0000]
1	0	[0.0000  1.0000]
1	1	[0.0011  0.9989]
1	1	[0.0000  1.0000]
1	0	[0.0000  1.0000]
1	1	[0.0000  1.0000]
1	0	[0.0000  1.0000]
1	1	[0.0000  1.0000]
1	0	[0.0000  1.0000]
1	1	[0.0000  1.0000]
1	0	[0.0000  1.0000]
1	0	[0.0001  0.9999]
1	1	[0.0000  1.0000]
1	0	[0.0000  1.0000]
1	0	[0.0000  1.0000]
1	0	[0.0000  1.0000]
1	0	[0.0000  1.0000]
1	1	[0.0000  1.0000]
1	1	[0.0000  1.0000]
1	0	[0.0000  1.0000]
1	0	[0.0000  1.0000]
1	0	[0.0025  0.9975]
1	1	[0.0000  1.0000]
1	0	[0.0000  1.0000]
1	0	[0.0000  1.0000]
1	0	[0.0000  1.0000]
1	0	[0.0000  1.0000]
1	0	[0.0000  1.0000]
1	1	[0.0000  1.0000]
1	1	[0.0000  1.0000]
1	1	[0.0000  1.0000]
1	1	[0.0000  1.0000]
1	1	[0.0000  1.0000]
1	0	[0.0000  1.0000]
1	0	[0.0000  1.0000]
1	1	[0.0000  1.0000]
1	1	[0.0000  1.0000]
1	1	[0.0335  0.9665]
1	1	[0.0000  1.0000]
1	1	[0.0000  1.0000]
1	1	[0.0000  1.0000]
1	1	[0.0000  1.0000]
1	0	[0.0001  0.9999]
1	1	[0.0000  1.0000]
1	0	[0.0000  1.0000]
1	0	[0.0000  1.0000]
1	1	[0.0000  1.0000]
1	0	[0.0000  1.0000]
1	0	[0.0000  1.0000]
1	0	[0.0000  1.0000]
1	1	[0.0000  1.0000]
1	0	[0.0009  0.9991]
1	0	[0.0000  1.0000]
1	1	[0.0001  0.9999]
1	0	[0.0725  0.9275]
1	0	[0.0000  1.0000]
1	1	[0.0000  1.0000]
1	1	[0.0011  0.9989]
1	1	[0.0000  1.0000]
1	1	[0.0013  0.9987]
0	1	[0.9907  0.0093]
1	1	[0.0000  1.0000]
1	1	[0.0000  1.0000]
1	0	[0.0000  1.0000]
1	1	[0.4111  0.5889]
1	0	[0.0000  1.0000]
1	0	[0.0000  1.0000]
1	0	[0.0000  1.0000]
1	0	[0.0000  1.0000]
1	0	[0.0001  0.9999]
1	0	[0.0000  1.0000]
1	0	[0.0000  1.0000]
1	1	[0.0000  1.0000]
1	0	[0.0000  1.0000]
1	1	[0.0002  0.9998]
1	1	[0.0000  1.0000]
1	1	[0.0000  1.0000]
1	1	[0.0001  0.9999]
1	0	[0.0000  1.0000]
1	0	[0.0000  1.0000]
1	1	[0.0001  0.9999]
1	0	[0.0000  1.0000]
1	1	[0.0000  1.0000]
1	1	[0.0000  1.0000]
1	0	[0.0000  1.0000]
1	0	[0.0000  1.0000]
1	0	[0.0000  1.0000]
1	0	[0.0000  1.0000]
1	0	[0.0054  0.9946]
0	0	[0.7835  0.2165]
1	1	[0.0000  1.0000]
1	0	[0.0000  1.0000]
1	0	[0.0000  1.0000]
1	0	[0.0000  1.0000]
1	0	[0.0000  1.0000]
1	0	[0.0000  1.0000]
1	0	[0.0000  1.0000]
1	0	[0.0000  1.0000]
1	0	[0.0000  1.0000]
1	1	[0.0000  1.0000]
1	1	[0.0065  0.9935]
1	0	[0.0001  0.9999]
1	1	[0.0000  1.0000]
1	0	[0.0000  1.0000]
1	1	[0.0000  1.0000]
1	0	[0.0000  1.0000]
1	0	[0.0000  1.0000]
1	0	[0.0000  1.0000]
1	0	[0.0002  0.9998]
1	0	[0.0000  1.0000]
1	0	[0.0012  0.9988]
1	0	[0.0000  1.0000]
1	0	[0.0000  1.0000]
1	1	[0.0000  1.0000]
1	0	[0.0000  1.0000]
1	0	[0.0000  1.0000]
1	0	[0.0000  1.0000]
1	1	[0.0000  1.0000]
1	1	[0.0006  0.9994]
1	0	[0.2128  0.7872]
0	1	[0.9992  0.0008]
1	1	[0.0000  1.0000]
1	0	[0.0000  1.0000]
1	0	[0.0000  1.0000]
1	0	[0.0000  1.0000]
1	1	[0.0000  1.0000]
1	1	[0.0000  1.0000]
1	1	[0.0000  1.0000]
1	0	[0.0000  1.0000]
1	0	[0.0000  1.0000]
1	1	[0.0000  1.0000]
1	1	[0.0000  1.0000]
0	0	[0.9977  0.0023]
1	1	[0.0000  1.0000]
1	0	[0.0000  1.0000]
1	0	[0.0000  1.0000]
1	0	[0.0000  1.0000]
1	0	[0.0002  0.9998]
1	1	[0.0000  1.0000]
1	0	[0.0000  1.0000]
1	0	[0.0000  1.0000]
1	1	[0.0000  1.0000]
1	0	[0.0000  1.0000]
1	1	[0.0000  1.0000]
1	1	[0.0000  1.0000]
1	0	[0.0000  1.0000]
1	0	[0.0004  0.9996]
1	0	[0.0000  1.0000]
1	0	[0.0000  1.0000]
1	0	[0.0000  1.0000]
1	0	[0.0000  1.0000]
1	1	[0.0000  1.0000]
1	0	[0.0000  1.0000]
1	1	[0.0001  0.9999]
1	0	[0.0000  1.0000]
1	1	[0.0000  1.0000]
1	0	[0.0000  1.0000]
1	1	[0.0000  1.0000]
1	0	[0.0000  1.0000]
1	0	[0.0000  1.0000]
1	0	[0.0000  1.0000]
1	1	[0.0000  1.0000]
1	1	[0.0000  1.0000]
1	0	[0.0000  1.0000]
1	1	[0.0000  1.0000]
1	0	[0.0000  1.0000]
1	1	[0.0000  1.0000]
1	1	[0.0000  1.0000]
1	0	[0.0000  1.0000]
1	0	[0.0000  1.0000]
1	1	[0.0003  0.9997]
1	0	[0.0000  1.0000]
1	1	[0.0000  1.0000]
1	0	[0.0000  1.0000]
1	1	[0.0000  1.0000]
1	1	[0.0006  0.9994]
0	1	[0.9999  0.0001]
1	1	[0.0000  1.0000]
1	0	[0.0000  1.0000]
1	1	[0.0000  1.0000]
1	1	[0.0000  1.0000]
1	0	[0.0000  1.0000]
1	0	[0.0000  1.0000]
1	1	[0.0000  1.0000]
1	0	[0.0000  1.0000]
1	1	[0.0000  1.0000]
1	1	[0.0000  1.0000]
1	0	[0.0000  1.0000]
1	0	[0.0000  1.0000]
1	1	[0.0000  1.0000]
1	0	[0.0000  1.0000]
1	0	[0.0000  1.0000]
1	0	[0.0000  1.0000]
1	0	[0.0000  1.0000]
1	0	[0.0000  1.0000]
1	0	[0.0000  1.0000]
1	0	[0.0000  1.0000]
1	0	[0.0000  1.0000]
1	0	[0.0000  1.0000]
1	0	[0.0000  1.0000]
1	0	[0.0000  1.0000]
1	0	[0.0001  0.9999]
1	0	[0.0000  1.0000]
1	0	[0.0000  1.0000]
1	0	[0.0000  1.0000]
1	0	[0.0000  1.0000]
1	0	[0.0000  1.0000]
1	0	[0.0000  1.0000]
1	0	[0.0000  1.0000]
1	1	[0.0000  1.0000]
1	0	[0.2955  0.7045]
1	0	[0.0000  1.0000]
1	0	[0.0000  1.0000]
1	0	[0.0000  1.0000]
1	1	[0.0000  1.0000]
1	1	[0.0000  1.0000]
1	1	[0.0000  1.0000]
1	1	[0.0000  1.0000]
1	1	[0.0000  1.0000]
1	0	[0.0000  1.0000]
1	1	[0.0000  1.0000]
1	1	[0.0000  1.0000]
1	0	[0.0000  1.0000]
1	1	[0.0000  1.0000]
1	1	[0.0000  1.0000]
1	0	[0.0000  1.0000]
1	0	[0.0000  1.0000]
1	0	[0.0000  1.0000]
1	1	[0.0000  1.0000]
1	0	[0.0000  1.0000]
1	0	[0.1565  0.8435]
1	1	[0.0000  1.0000]
1	1	[0.0000  1.0000]
1	1	[0.0000  1.0000]
1	1	[0.0000  1.0000]
1	0	[0.0000  1.0000]
1	0	[0.0000  1.0000]
0	0	[1.0000  0.0000]
1	1	[0.0000  1.0000]
1	0	[0.0000  1.0000]
1	0	[0.0000  1.0000]
1	0	[0.0000  1.0000]
1	1	[0.0000  1.0000]
1	1	[0.0000  1.0000]
1	1	[0.0000  1.0000]
1	0	[0.0000  1.0000]
1	1	[0.0001  0.9999]
1	0	[0.0000  1.0000]
1	0	[0.0000  1.0000]
1	1	[0.0000  1.0000]
1	0	[0.0000  1.0000]
1	0	[0.0000  1.0000]
1	1	[0.0000  1.0000]
1	1	[0.0000  1.0000]
1	1	[0.0000  1.0000]
1	1	[0.0000  1.0000]
1	1	[0.0000  1.0000]
1	1	[0.0002  0.9998]
1	1	[0.0005  0.9995]
1	1	[0.0000  1.0000]
1	0	[0.0000  1.0000]
1	1	[0.0077  0.9923]
1	1	[0.0000  1.0000]
1	0	[0.0000  1.0000]
1	0	[0.0000  1.0000]
1	0	[0.0000  1.0000]
1	1	[0.0000  1.0000]
1	0	[0.0000  1.0000]
1	0	[0.0000  1.0000]
1	0	[0.0000  1.0000]
1	1	[0.0000  1.0000]
1	0	[0.0000  1.0000]
1	1	[0.0000  1.0000]
1	0	[0.0000  1.0000]
1	0	[0.0000  1.0000]
1	1	[0.0000  1.0000]
1	1	[0.0000  1.0000]
1	0	[0.0000  1.0000]
1	0	[0.0000  1.0000]
1	1	[0.0000  1.0000]
1	1	[0.0000  1.0000]
1	0	[0.0000  1.0000]
1	0	[0.0000  1.0000]
1	0	[0.0000  1.0000]
1	1	[0.0000  1.0000]
1	1	[0.0000  1.0000]
1	1	[0.0000  1.0000]
1	0	[0.0000  1.0000]
1	0	[0.0000  1.0000]
1	1	[0.0000  1.0000]
1	0	[0.0045  0.9955]
1	1	[0.0000  1.0000]
1	1	[0.3605  0.6395]
1	1	[0.0000  1.0000]
1	1	[0.0000  1.0000]
1	1	[0.0000  1.0000]
1	1	[0.0000  1.0000]
1	0	[0.0002  0.9998]
1	0	[0.0000  1.0000]
1	0	[0.0000  1.0000]
1	1	[0.0000  1.0000]
1	0	[0.0000  1.0000]
1	0	[0.0000  1.0000]
1	0	[0.0000  1.0000]
1	0	[0.0000  1.0000]
1	1	[0.0000  1.0000]
1	1	[0.0000  1.0000]
1	0	[0.0000  1.0000]
1	0	[0.0000  1.0000]
1	1	[0.0000  1.0000]
1	0	[0.0000  1.0000]
1	0	[0.0000  1.0000]
1	1	[0.0000  1.0000]
1	0	[0.0000  1.0000]
1	1	[0.0000  1.0000]
1	0	[0.0000  1.0000]
1	0	[0.0000  1.0000]
1	0	[0.0000  1.0000]
1	1	[0.0000  1.0000]
1	0	[0.0000  1.0000]
1	0	[0.0000  1.0000]
1	1	[0.0000  1.0000]
1	0	[0.0000  1.0000]
1	0	[0.0020  0.9980]
1	0	[0.0000  1.0000]
1	0	[0.0000  1.0000]
1	0	[0.0004  0.9996]
1	0	[0.0000  1.0000]
1	0	[0.0000  1.0000]
1	1	[0.0001  0.9999]
1	1	[0.0000  1.0000]
1	1	[0.0000  1.0000]
1	1	[0.0000  1.0000]
1	0	[0.0000  1.0000]
1	0	[0.0000  1.0000]
1	0	[0.0000  1.0000]
1	0	[0.0001  0.9999]
1	0	[0.0003  0.9997]
1	0	[0.0000  1.0000]
1	0	[0.0001  0.9999]
1	0	[0.0000  1.0000]
1	0	[0.0000  1.0000]
1	0	[0.0000  1.0000]
1	1	[0.0000  1.0000]
1	0	[0.0000  1.0000]
1	0	[0.0000  1.0000]
1	0	[0.0000  1.0000]
1	0	[0.0000  1.0000]
1	1	[0.0000  1.0000]
1	1	[0.0000  1.0000]
1	1	[0.0000  1.0000]
1	0	[0.0000  1.0000]
1	1	[0.0000  1.0000]
1	0	[0.0000  1.0000]
1	0	[0.0067  0.9933]
1	0	[0.0000  1.0000]
1	1	[0.0000  1.0000]
1	0	[0.0000  1.0000]
1	0	[0.0000  1.0000]
1	1	[0.0006  0.9994]
0	1	[1.0000  0.0000]
1	0	[0.0000  1.0000]
1	0	[0.0000  1.0000]
1	1	[0.0000  1.0000]
1	1	[0.0000  1.0000]
1	1	[0.0000  1.0000]
1	1	[0.0000  1.0000]
1	1	[0.0000  1.0000]
1	0	[0.0000  1.0000]
1	0	[0.0000  1.0000]
1	0	[0.0010  0.9990]
1	1	[0.0000  1.0000]
1	1	[0.0000  1.0000]
1	0	[0.0000  1.0000]
1	1	[0.0000  1.0000]
1	1	[0.0000  1.0000]
1	1	[0.0000  1.0000]
1	0	[0.0000  1.0000]
1	1	[0.0000  1.0000]
1	1	[0.0000  1.0000]
1	1	[0.0000  1.0000]
1	0	[0.0000  1.0000]
1	0	[0.0000  1.0000]
1	1	[0.0000  1.0000]
1	0	[0.0000  1.0000]
1	0	[0.0000  1.0000]
1	0	[0.0030  0.9970]
1	0	[0.0000  1.0000]
1	1	[0.0000  1.0000]
1	0	[0.0000  1.0000]
1	0	[0.0467  0.9533]
1	1	[0.0000  1.0000]
1	0	[0.0000  1.0000]
1	0	[0.0000  1.0000]
1	1	[0.0000  1.0000]
1	1	[0.0000  1.0000]
1	0	[0.0000  1.0000]
1	1	[0.0000  1.0000]
1	1	[0.0000  1.0000]
1	0	[0.0001  0.9999]
1	1	[0.0000  1.0000]
1	1	[0.0000  1.0000]
1	0	[0.0002  0.9998]
1	0	[0.0000  1.0000]
1	1	[0.0000  1.0000]
1	0	[0.0002  0.9998]
1	1	[0.0000  1.0000]
1	0	[0.0000  1.0000]
1	0	[0.0000  1.0000]
1	0	[0.0000  1.0000]
1	0	[0.0000  1.0000]
1	0	[0.0000  1.0000]
1	0	[0.0000  1.0000]
0	0	[0.8823  0.1177]
1	0	[0.0000  1.0000]
